#Kristallwinkel	Rate bei 25kV
#theta/°	R(25kV)/Imp/s
3.0	67.0
3.1	62.0
3.2	40.0
3.3	34.0
3.4	27.0
3.5	27.0
3.6	21.0
3.7	24.0
3.8	24.0
3.9	17.0
4.0	17.0
4.1	15.0
4.2	16.0
4.3	11.0
4.4	12.0
4.5	8.0
4.6	8.0
4.7	14.0
4.8	11.0
4.9	10.0
5.0	8.0
5.1	5.0
5.2	9.0
5.3	12.0
5.4	10.0
5.5	13.0
5.6	9.0
5.7	11.0
5.8	9.0
5.9	6.0
6.0	11.0
6.1	15.0
6.2	6.0
6.3	6.0
6.4	9.0
6.5	8.0
6.6	9.0
6.7	12.0
6.8	9.0
6.9	10.0
7.0	19.0
7.1	8.0
7.2	20.0
7.3	23.0
7.4	32.0
7.5	32.0
7.6	40.0
7.7	47.0
7.8	47.0
7.9	62.0
8.0	57.0
8.1	56.0
8.2	64.0
8.3	77.0
8.4	70.0
8.5	67.0
8.6	71.0
8.7	76.0
8.8	70.0
8.9	86.0
9.0	84.0
9.1	85.0
9.2	81.0
9.3	86.0
9.4	91.0
9.5	85.0
9.6	95.0
9.7	91.0
9.8	102.0
9.9	111.0
10.0	101.0
10.1	96.0
10.2	116.0
10.3	92.0
10.4	109.0
10.5	108.0
10.6	111.0
10.7	109.0
10.8	118.0
10.9	117.0
11.0	123.0
11.1	118.0
11.2	104.0
11.3	135.0
11.4	112.0
11.5	122.0
11.6	134.0
11.7	120.0
11.8	130.0
11.9	117.0
12.0	142.0
12.1	125.0
12.2	133.0
12.3	130.0
12.4	131.0
12.5	131.0
12.6	126.0
12.7	127.0
12.8	128.0
12.9	131.0
13.0	131.0
13.1	150.0
13.2	141.0
13.3	130.0
13.4	110.0
13.5	105.0
13.6	107.0
13.7	99.0
13.8	100.0
13.9	107.0
14.0	111.0
14.1	104.0
14.2	102.0
14.3	99.0
14.4	96.0
14.5	102.0
14.6	98.0
14.7	100.0
14.8	121.0
14.9	109.0
15.0	112.0
15.1	99.0
15.2	108.0
15.3	103.0
15.4	115.0
15.5	102.0
15.6	115.0
15.7	111.0
15.8	112.0
15.9	111.0
16.0	110.0
16.1	109.0
16.2	106.0
16.3	110.0
16.4	104.0
16.5	99.0
16.6	109.0
16.7	95.0
16.8	118.0
16.9	107.0
17.0	106.0
17.1	98.0
17.2	97.0
17.3	95.0
17.4	107.0
17.5	85.0
17.6	104.0
17.7	108.0
17.8	106.0
17.9	103.0
18.0	101.0
18.1	93.0
18.2	95.0
18.3	105.0
18.4	87.0
18.5	88.0
18.6	91.0
18.7	109.0
18.8	100.0
18.9	99.0
19.0	90.0
19.1	100.0
19.2	104.0
19.3	100.0
19.4	88.0
19.5	98.0
19.6	87.0
19.7	89.0
19.8	90.0
19.9	87.0
20.0	99.0
20.1	98.0
20.2	90.0
20.3	93.0
20.4	91.0
20.5	75.0
20.6	80.0
20.7	84.0
20.8	85.0
20.9	87.0
21.0	80.0
21.1	81.0
21.2	67.0
21.3	67.0
21.4	76.0
21.5	76.0
21.6	65.0
21.7	81.0
21.8	72.0
21.9	66.0
22.0	76.0
22.1	63.0
22.2	60.0
22.3	60.0
22.4	58.0
22.5	68.0
22.6	104.0
22.7	118.0
22.8	71.0
22.9	61.0
23.0	61.0
23.1	54.0
23.2	57.0
23.3	56.0
23.4	52.0
23.5	53.0
23.6	58.0
23.7	51.0
23.8	58.0
23.9	46.0
24.0	47.0
24.1	46.0
24.2	46.0
24.3	51.0
24.4	43.0
24.5	52.0
24.6	52.0
24.7	49.0
24.8	43.0
24.9	40.0
25.0	45.0
25.1	42.0
25.2	43.0
25.3	41.0
25.4	42.0
25.5	47.0
25.6	52.0
25.7	66.0
25.8	154.0
25.9	452.0
26.0	1141.0
26.1	936.0
26.2	229.0
26.3	109.0
26.4	81.0
26.5	80.0
26.6	51.0
26.7	60.0
26.8	59.0
26.9	52.0
27.0	45.0
27.1	38.0
27.2	45.0
27.3	39.0
27.4	44.0
27.5	41.0
27.6	50.0
27.7	37.0
27.8	35.0
27.9	45.0
28.0	35.0
28.1	36.0
28.2	42.0
28.3	43.0
28.4	57.0
28.5	74.0
28.6	126.0
28.7	304.0
28.8	1939.0
28.9	3511.0
29.0	2424.0
29.1	708.0
29.2	144.0
29.3	82.0
29.4	54.0
29.5	44.0
29.6	34.0
29.7	29.0
29.8	27.0
29.9	28.0
30.0	25.0
30.1	26.0
30.2	30.0
30.3	21.0
30.4	23.0
30.5	21.0
30.6	22.0
30.7	18.0
30.8	18.0
30.9	24.0
31.0	19.0
31.1	21.0
31.2	17.0
31.3	19.0
31.4	16.0
31.5	14.0
31.6	22.0
31.7	17.0
31.8	15.0
31.9	22.0
32.0	20.0
32.1	14.0
32.2	14.0
32.3	15.0
32.4	14.0
32.5	16.0
32.6	16.0
32.7	15.0
32.8	17.0
32.9	15.0
33.0	14.0
33.1	13.0
33.2	12.0
33.3	11.0
33.4	18.0
33.5	10.0
33.6	16.0
33.7	15.0
33.8	10.0
33.9	9.0
34.0	15.0
34.1	14.0
34.2	14.0
34.3	13.0
34.4	9.0
34.5	9.0
34.6	12.0
34.7	13.0
34.8	11.0
34.9	15.0
35.0	11.0
35.1	10.0
35.2	10.0
35.3	11.0
35.4	10.0
35.5	13.0
35.6	8.0
35.7	10.0
35.8	12.0
35.9	14.0
36.0	11.0
36.1	9.0
36.2	10.0
36.3	9.0
36.4	10.0
36.5	16.0
36.6	8.0
36.7	9.0
36.8	12.0
36.9	11.0
37.0	10.0
37.1	8.0
37.2	10.0
37.3	12.0
37.4	9.0
37.5	13.0
37.6	7.0
37.7	9.0
37.8	6.0
37.9	8.0
38.0	6.0
38.1	6.0
38.2	5.0
38.3	6.0
38.4	4.0
38.5	9.0
38.6	13.0
38.7	8.0
38.8	9.0
38.9	5.0
39.0	6.0
39.1	8.0
39.2	10.0
39.3	7.0
39.4	10.0
39.5	9.0
39.6	6.0
39.7	5.0
39.8	9.0
39.9	10.0
40.0	8.0
40.1	10.0
40.2	10.0
40.3	9.0
40.4	4.0
40.5	7.0
40.6	8.0
40.7	6.0
40.8	5.0
40.9	5.0
41.0	8.0
41.1	5.0
41.2	10.0
41.3	9.0
41.4	9.0
41.5	6.0
41.6	11.0
41.7	6.0
41.8	10.0
41.9	10.0
42.0	9.0
42.1	6.0
42.2	5.0
42.3	8.0
42.4	9.0
42.5	9.0
42.6	6.0
42.7	11.0
42.8	8.0
42.9	7.0
43.0	8.0
43.1	6.0
43.2	8.0
43.3	4.0
43.4	4.0
43.5	6.0
43.6	4.0
43.7	5.0
43.8	10.0
43.9	8.0
44.0	10.0
44.1	4.0
44.2	5.0
44.3	5.0
44.4	6.0
44.5	7.0
44.6	5.0
44.7	9.0
44.8	6.0
44.9	7.0
45.0	4.0
45.1	5.0
45.2	5.0
45.3	5.0
45.4	8.0
45.5	5.0
45.6	8.0
45.7	4.0
45.8	7.0
45.9	8.0
46.0	5.0
46.1	6.0
46.2	8.0
46.3	9.0
46.4	4.0
46.5	7.0
46.6	4.0
46.7	9.0
46.8	5.0
46.9	8.0
47.0	8.0
47.1	8.0
47.2	5.0
47.3	6.0
47.4	5.0
47.5	8.0
47.6	3.0
47.7	5.0
47.8	3.0
47.9	7.0
48.0	4.0
48.1	6.0
48.2	8.0
48.3	5.0
48.4	4.0
48.5	5.0
48.6	7.0
48.7	7.0
48.8	4.0
48.9	5.0
49.0	6.0
49.1	8.0
49.2	8.0
49.3	3.0
49.4	7.0
49.5	3.0
49.6	6.0
49.7	8.0
49.8	4.0
49.9	7.0
50.0	12.0
50.1	10.0
50.2	11.0
50.3	6.0
50.4	7.0
50.5	8.0
50.6	4.0
50.7	3.0
50.8	9.0
50.9	5.0
51.0	6.0
51.1	5.0
51.2	5.0
51.3	4.0
51.4	7.0
51.5	5.0
51.6	4.0
51.7	5.0
51.8	5.0
51.9	7.0
52.0	7.0
52.1	5.0
52.2	6.0
52.3	5.0
52.4	5.0
52.5	4.0
52.6	3.0
52.7	6.0
52.8	3.0
52.9	5.0
53.0	7.0
53.1	3.0
53.2	6.0
53.3	7.0
53.4	4.0
53.5	4.0
53.6	8.0
53.7	8.0
53.8	5.0
53.9	7.0
54.0	7.0
54.1	7.0
54.2	7.0
54.3	3.0
54.4	5.0
54.5	5.0
54.6	6.0
54.7	4.0
54.8	8.0
54.9	4.0
55.0	5.0
55.1	5.0
55.2	7.0
55.3	4.0
55.4	8.0
55.5	6.0
55.6	9.0
55.7	5.0
55.8	6.0
55.9	6.0
56.0	5.0
56.1	4.0
56.2	6.0
56.3	3.0
56.4	5.0
56.5	5.0
56.6	5.0
56.7	6.0
56.8	4.0
56.9	8.0
57.0	6.0
57.1	10.0
57.2	2.0
57.3	8.0
57.4	2.0
57.5	6.0
57.6	3.0
57.7	3.0
57.8	5.0
57.9	5.0
58.0	6.0
58.1	5.0
58.2	4.0
58.3	5.0
58.4	5.0
58.5	3.0
58.6	6.0
58.7	5.0
58.8	4.0
58.9	6.0
59.0	7.0
59.1	6.0
59.2	6.0
59.3	2.0
59.4	4.0
59.5	5.0
59.6	10.0
59.7	7.0
59.8	11.0
59.9	14.0
60.0	14.0
60.1	13.0
60.2	10.0
60.3	13.0
60.4	11.0
60.5	12.0
60.6	25.0
60.7	66.0
60.8	246.0
60.9	237.0
61.0	109.0
61.1	64.0
61.2	27.0
61.3	15.0
61.4	15.0
61.5	12.0
61.6	5.0
61.7	6.0
61.8	9.0
61.9	9.0
62.0	9.0
62.1	14.0
62.2	6.0
62.3	9.0
62.4	7.0
62.5	6.0
62.6	14.0
62.7	7.0
62.8	8.0
62.9	7.0
63.0	9.0
63.1	10.0
63.2	4.0
63.3	5.0
63.4	10.0
63.5	7.0
63.6	10.0
63.7	7.0
63.8	8.0
63.9	7.0
64.0	6.0
64.1	10.0
64.2	6.0
64.3	8.0
64.4	10.0
64.5	8.0
64.6	5.0
64.7	10.0
64.8	9.0
64.9	7.0
65.0	6.0
65.1	8.0
65.2	8.0
65.3	5.0
65.4	7.0
65.5	5.0
65.6	9.0
65.7	5.0
65.8	6.0
65.9	7.0
66.0	9.0
66.1	8.0
66.2	6.0
66.3	6.0
66.4	6.0
66.5	6.0
66.6	5.0
66.7	6.0
66.8	9.0
66.9	7.0
67.0	7.0
67.1	7.0
67.2	5.0
67.3	7.0
67.4	7.0
67.5	6.0
67.6	8.0
67.7	9.0
67.8	10.0
67.9	8.0
68.0	5.0
68.1	8.0
68.2	7.0
68.3	7.0
68.4	10.0
68.5	11.0
68.6	10.0
68.7	9.0
68.8	7.0
68.9	10.0
69.0	7.0
69.1	10.0
69.2	6.0
69.3	9.0
69.4	7.0
69.5	9.0
69.6	8.0
69.7	6.0
69.8	6.0
69.9	8.0
70.0	12.0
70.1	5.0
70.2	4.0
70.3	9.0
70.4	7.0
70.5	13.0
70.6	10.0
70.7	6.0
70.8	11.0
70.9	7.0
71.0	10.0
71.1	12.0
71.2	11.0
71.3	7.0
71.4	12.0
71.5	10.0
71.6	7.0
71.7	12.0
71.8	11.0
71.9	10.0
72.0	14.0
72.1	6.0
72.2	14.0
72.3	8.0
72.4	10.0
72.5	10.0
72.6	12.0
72.7	8.0
72.8	16.0
72.9	16.0
73.0	15.0
73.1	32.0
73.2	31.0
73.3	35.0
73.4	30.0
73.5	39.0
73.6	47.0
73.7	57.0
73.8	108.0
73.9	192.0
74.0	725.0
74.1	1317.0
74.2	1292.0
74.3	488.0
74.4	514.0
74.5	719.0
74.6	609.0
74.7	364.0
74.8	104.0
74.9	67.0
75.0	32.0
75.1	39.0
75.2	25.0
75.3	19.0
75.4	19.0
75.5	14.0
75.6	16.0
75.7	15.0
75.8	17.0
75.9	17.0
76.0	20.0
76.1	12.0
76.2	12.0
76.3	10.0
76.4	12.0
76.5	11.0
76.6	13.0
76.7	7.0
76.8	14.0
76.9	12.0
77.0	8.0
77.1	12.0
77.2	15.0
77.3	13.0
77.4	7.0
77.5	10.0
77.6	7.0
77.7	15.0
77.8	12.0
77.9	10.0
78.0	10.0
78.1	8.0
78.2	11.0
78.3	9.0
78.4	11.0
78.5	13.0
78.6	13.0
78.7	9.0
78.8	7.0
78.9	11.0
79.0	6.0
79.1	8.0
79.2	13.0
79.3	9.0
79.4	10.0
79.5	6.0
79.6	12.0
79.7	10.0
79.8	8.0
79.9	12.0
80.0	9.0
